100
2 2 2 1 6 6 4 10 3 6 3 10 1 10 3 4 9 10 8 10 8 5 7 6 5 8 1 10 7 9 5 1 2 8 4 2 5 2 9 1 3 8 10 1 10 7 4 8 8 8 6 3 10 2 1 9 8 1 1 5 7 1 9 2 6 9 9 3 4 4 4 6 9 9 6 4 7 2 8 5 9 9 6 8 8 8 4 8 1 4 3 6 8 2 4 7 9 4 4 1
100
26 38
13 83
53 74
14 46
64 67
12 30
17 52
7 52
30 43
19 77
8 90
24 29
52 90
3 40
37 58
10 39
2 47
9 80
15 69
24 81
56 63
9 51
23 44
92 95
13 97
1 8
39 48
19 26
44 70
9 87
3 92
86 100
18 32
65 89
5 45
11 79
83 100
27 59
10 30
23 70
48 54
43 50
54 92
23 55
60 69
26 44
9 41
15 15
74 80
20 31
42 70
22 36
86 94
5 72
54 77
15 63
45 55
21 55
22 91
48 62
3 46
9 31
40 52
6 81
1 97
36 83
1 33
27 67
23 29
6 85
72 90
20 82
37 84
73 82
71 81
23 80
37 73
20 22
44 53
16 75
68 72
6 96
13 72
22 77
42 59
46 68
48 80
11 86
7 8
27 49
23 72
2 51
11 80
33 78
21 55
46 100
18 40
1 50
79 80
8 37

